2.200000	3.283333	0.671667
2.400000	3.414691	0.658531
2.600000	3.542062	0.645794
2.800000	3.665779	0.633422
3.000000	3.786129	0.621387
3.200000	3.903364	0.609664
3.400000	4.017712	0.598229
3.600000	4.129379	0.587062
3.800000	4.238558	0.576144
4.000000	4.345429	0.565457
4.200000	4.450166	0.554983
4.400000	4.552942	0.544706
4.600000	4.653929	0.534607
4.800000	4.753307	0.524669
5.000000	4.851270	0.514873
5.200000	4.948038	0.505196
5.400000	5.043867	0.495613
5.600000	5.139084	0.486092
5.800000	5.234137	0.476586
6.000000	5.329722	0.467028
6.200000	5.427143	0.457286
6.400000	5.530213	0.446979
6.600000	5.675613	0.432439
6.800000	5.816894	0.418311
7.000000	5.950080	0.404992
7.200000	6.074701	0.392530
7.400000	6.191097	0.380890
7.600000	6.298805	0.370120
7.800000	6.397919	0.360208
8.000000	6.489591	0.351041
8.200000	6.574758	0.342524
8.400000	6.654193	0.334581
8.600000	6.728541	0.327146
8.800000	6.798348	0.320165
9.000000	6.864077	0.313592
9.200000	6.926125	0.307387
9.400000	6.984836	0.301516
9.600000	7.040510	0.295949
9.800000	7.093407	0.290659
10.000000	7.143758	0.285624
10.200000	7.191766	0.280823
10.400000	7.237614	0.276239
10.600000	7.281461	0.271854
10.800000	7.323453	0.267655
11.000000	7.363720	0.263628
11.200000	7.402379	0.259762
11.400000	7.439536	0.256046
11.600000	7.475288	0.252471
11.800000	7.509723	0.249028
12.000000	7.542921	0.245708
12.200000	7.574956	0.242504
12.400000	7.605893	0.239411
12.600000	7.635797	0.236420
12.800000	7.664723	0.233528
13.000000	7.692724	0.230728
13.200000	7.719849	0.228015
13.400000	7.746143	0.225386
13.600000	7.771648	0.222835
13.800000	7.796403	0.220360
14.000000	7.820444	0.217956
14.200000	7.843805	0.215620
14.400000	7.866517	0.213348
14.600000	7.888611	0.211139
14.800000	7.910113	0.208989
15.000000	7.931051	0.206895
15.200000	7.951447	0.204855
15.400000	7.971325	0.202867
15.600000	7.990707	0.200929
15.800000	8.009613	0.199039
16.000000	8.028063	0.197194
16.200000	8.046073	0.195393
16.400000	8.063661	0.193634
16.600000	8.080844	0.191916
16.800000	8.097637	0.190236
17.000000	8.114054	0.188595
17.200000	8.130109	0.186989
17.400000	8.145815	0.185419
17.600000	8.161184	0.183882
17.800000	8.176229	0.182377
18.000000	8.190960	0.180904
18.200000	8.205388	0.179461
18.400000	8.219523	0.178048
18.600000	8.233375	0.176662
18.800000	8.246954	0.175305
19.000000	8.260268	0.173973
19.200000	8.273325	0.172668
19.400000	8.286133	0.171387
19.600000	8.298701	0.170130
19.800000	8.311035	0.168896
20.000000	8.323144	0.167686
20.200000	8.335032	0.166497
20.400000	8.346708	0.165329
20.600000	8.358176	0.164182
20.800000	8.369444	0.163056
21.000000	8.380517	0.161948
21.200000	8.391400	0.160860
21.400000	8.402099	0.159790
21.600000	8.412618	0.158738
21.800000	8.422963	0.157704
22.000000	8.433138	0.156686
22.200000	8.443149	0.155685
22.400000	8.452998	0.154700
22.600000	8.462691	0.153731
22.800000	8.472231	0.152777
23.000000	8.481622	0.151838
23.200000	8.490869	0.150913
23.400000	8.499974	0.150003
23.600000	8.508942	0.149106
23.800000	8.517775	0.148222
24.000000	8.526478	0.147352
24.200000	8.535052	0.146495
24.400000	8.543501	0.145650
24.600000	8.551829	0.144817
24.800000	8.560037	0.143996
25.000000	8.568129	0.143187
25.200000	8.576107	0.142389
25.400000	8.583975	0.141603
25.600000	8.591734	0.140827
25.800000	8.599386	0.140061
26.000000	8.606935	0.139306
26.200000	8.614383	0.138562
26.400000	8.621731	0.137827
26.600000	8.628982	0.137102
26.800000	8.636138	0.136386
27.000000	8.643201	0.135680
27.200000	8.650173	0.134983
27.400000	8.657056	0.134294
27.600000	8.663851	0.133615
27.800000	8.670561	0.132944
28.000000	8.677187	0.132281
28.200000	8.683731	0.131627
28.400000	8.690195	0.130980
28.600000	8.696580	0.130342
28.800000	8.702887	0.129711
29.000000	8.709119	0.129088
29.200000	8.715277	0.128472
29.400000	8.721361	0.127864
29.600000	8.727374	0.127263
29.800000	8.733317	0.126668
30.000000	8.739192	0.126081
30.200000	8.744998	0.125500
30.400000	8.750739	0.124926
30.600000	8.756414	0.124359
30.800000	8.762026	0.123797
31.000000	8.767575	0.123242
31.200000	8.773063	0.122694
31.400000	8.778490	0.122151
31.600000	8.783857	0.121614
31.800000	8.789167	0.121083
32.000000	8.794419	0.120558
32.200000	8.799615	0.120039
32.400000	8.804755	0.119524
32.600000	8.809841	0.119016
32.800000	8.814874	0.118513
33.000000	8.819854	0.118015
33.200000	8.824783	0.117522
33.400000	8.829660	0.117034
33.600000	8.834488	0.116551
33.800000	8.839267	0.116073
34.000000	8.843997	0.115600
34.200000	8.848680	0.115132
34.400000	8.853317	0.114668
34.600000	8.857907	0.114209
34.800000	8.862452	0.113755
35.000000	8.866952	0.113305
35.200000	8.871409	0.112859
35.400000	8.875822	0.112418
35.600000	8.880193	0.111981
35.800000	8.884522	0.111548
36.000000	8.888810	0.111119
36.200000	8.893058	0.110694
36.400000	8.897265	0.110273
36.600000	8.901434	0.109857
36.800000	8.905563	0.109444
37.000000	8.909655	0.109035
37.200000	8.913709	0.108629
37.400000	8.917726	0.108227
37.600000	8.921706	0.107829
37.800000	8.925650	0.107435
38.000000	8.929559	0.107044
38.200000	8.933434	0.106657
38.400000	8.937273	0.106273
38.600000	8.941079	0.105892
38.800000	8.944852	0.105515
39.000000	8.948591	0.105141
39.200000	8.952298	0.104770
39.400000	8.955973	0.104403
39.600000	8.959617	0.104038
39.800000	8.963229	0.103677
40.000000	8.966811	0.103319
40.200000	8.970362	0.102964
40.400000	8.973883	0.102612
40.600000	8.977375	0.102262
40.800000	8.980838	0.101916
41.000000	8.984272	0.101573
41.200000	8.987678	0.101232
41.400000	8.991056	0.100894
41.600000	8.994406	0.100559
41.800000	8.997729	0.100227
42.000000	9.001026	0.099897
42.200000	9.004296	0.099570
42.400000	9.007539	0.099246
42.600000	9.010757	0.098924
42.800000	9.013949	0.098605
43.000000	9.017117	0.098288
43.200000	9.020259	0.097974
43.400000	9.023377	0.097662
43.600000	9.026470	0.097353
43.800000	9.029540	0.097046
44.000000	9.032586	0.096741
44.200000	9.035609	0.096439
44.400000	9.038609	0.096139
44.600000	9.041586	0.095841
44.800000	9.044540	0.095546
45.000000	9.047472	0.095253
45.200000	9.050383	0.094962
45.400000	9.053271	0.094673
45.600000	9.056138	0.094386
45.800000	9.058985	0.094102
46.000000	9.061810	0.093819
46.200000	9.064614	0.093539
46.400000	9.067398	0.093260
46.600000	9.070162	0.092984
46.800000	9.072906	0.092709
47.000000	9.075630	0.092437
47.200000	9.078335	0.092166
47.400000	9.081021	0.091898
47.600000	9.083687	0.091631
47.800000	9.086335	0.091367
48.000000	9.088964	0.091104
48.200000	9.091575	0.090843
48.400000	9.094167	0.090583
48.600000	9.096741	0.090326
48.800000	9.099298	0.090070
49.000000	9.101837	0.089816
49.200000	9.104359	0.089564
49.400000	9.106863	0.089314
49.600000	9.109351	0.089065
49.800000	9.111822	0.088818
50.000000	9.114275	0.088572
50.200000	9.116713	0.088329
50.400000	9.119134	0.088087
50.600000	9.121539	0.087846
50.800000	9.123929	0.087607
51.000000	9.126302	0.087370
51.200000	9.128660	0.087134
51.400000	9.131002	0.086900
51.600000	9.133329	0.086667
51.800000	9.135641	0.086436
52.000000	9.137938	0.086206
